C:\ProgramData\anaconda3.1\python.exe B:/code_master/code/02PredictionOfJudgmentResults/ModelEvaluation_2To200.py
Start running time: 2022-04-18 09:43:49.379058
Building prefix dict from the default dictionary ...
Loading model from cache C:\Users\bigdata\AppData\Local\Temp\jieba.cache
Loading model cost 0.857 seconds.
Prefix dict has been built successfully.
getPreResult() Start running time: 2022-04-18 09:44:59.290251
(tfidfTrain.toarray()).shape : 
(17329, 5000)
(tfidfTest.toarray()).shape : 
(7310, 5000)
对训练集进行模型评估： 2022-04-18 09:55:34.744290
classification_report: 
                precision    recall  f1-score   support

         串通投标罪       0.98      1.00      0.99       141
         交通肇事罪       0.97      1.00      0.99       141
         介绍贿赂罪       1.00      0.99      1.00       141
         代替考试罪       0.94      0.96      0.95        50
  以危险方法危害公共安全罪       0.94      0.98      0.96       141
       传授犯罪方法罪       1.00      0.97      0.99        38
         传播性病罪       0.96      1.00      0.98        50
       传播淫秽物品罪       0.98      1.00      0.99       141
           伪证罪       1.00      0.97      0.99       141
         伪造货币罪       0.94      0.98      0.96        52
           侮辱罪       0.98      0.98      0.98        63
           侵占罪       1.00      0.92      0.96       141
     侵犯公民个人信息罪       0.99      0.99      0.99       141
        侵犯著作权罪       0.99      1.00      0.99       141
         保险诈骗罪       0.99      1.00      0.99       141
        信用卡诈骗罪       0.99      0.99      0.99       141
       假冒注册商标罪       0.96      0.98      0.97       141
      偷越国（边）境罪       0.99      0.99      0.99       141
           其他类       0.98      0.84      0.90       773
     冒充军人招摇撞骗罪       0.98      0.99      0.98       141
          刑事其他       0.95      0.88      0.91       141
      利用影响力受贿罪       0.94      0.96      0.95        49
    动植物检疫徇私舞弊罪       0.95      1.00      0.98       119
     包庇毒品犯罪分子罪       0.97      1.00      0.99        36
       协助组织卖淫罪       0.93      0.95      0.94       141
         单位受贿罪       0.97      0.96      0.96       141
         单位行贿罪       0.97      0.98      0.97       141
       危险物品肇事罪       1.00      0.96      0.98        69
         危险驾驶罪       1.00      0.99      1.00       141
           受贿罪       0.98      0.99      0.99       141
         合同诈骗罪       0.98      0.98      0.98       141
           失火罪       0.99      1.00      0.99       141
         妨害作证罪       0.97      0.98      0.97       141
      妨害信用卡管理罪       1.00      1.00      1.00       141
         妨害公务罪       1.00      0.99      1.00       141
       容留他人吸毒罪       0.97      0.98      0.97       141
        对单位行贿罪       0.97      0.96      0.96       113
   对非国家工作人员行贿罪       0.98      0.99      0.98       141
         寻衅滋事罪       0.99      1.00      1.00       141
     巨额财产来源不明罪       1.00      0.99      0.99        82
   帮助犯罪分子逃避处罚罪       0.99      0.98      0.99       105
         开设赌场罪       0.98      0.99      0.99       141
           强奸罪       0.97      0.98      0.98       141
         强迫交易罪       0.98      0.97      0.98       141
         强迫劳动罪       1.00      1.00      1.00        50
         强迫卖淫罪       0.99      0.97      0.98       119
         徇私枉法罪       0.99      0.99      0.99       141
  徇私舞弊不移交刑事案件罪       0.98      0.97      0.98        64
  扰乱无线电通讯管理秩序罪       0.97      1.00      0.98       141
       投放危险物质罪       0.91      1.00      0.95       141
           抢劫罪       0.99      0.98      0.98       141
           抢夺罪       0.99      1.00      1.00       141
         拐骗儿童罪       0.99      0.99      0.99       136
     拒不支付劳动报酬罪       0.99      1.00      1.00       141
         招摇撞骗罪       1.00      0.99      1.00       141
      持有伪造的发票罪       0.99      0.99      0.99       141
         挪用公款罪       0.95      0.99      0.97       141
       挪用特定款物罪       1.00      1.00      1.00        52
         挪用资金罪       0.99      0.99      0.99       141
           放火罪       0.96      0.99      0.98       141
         故意伤害罪       0.99      0.98      0.99       141
         故意杀人罪       0.97      0.97      0.97       141
       故意毁坏财物罪       0.99      0.98      0.99       141
         敲诈勒索罪       0.99      0.99      0.99       141
         污染环境罪       0.99      1.00      1.00       141
         滥伐林木罪       0.93      0.99      0.96       141
         滥用职权罪       0.99      0.99      0.99       141
           爆炸罪       0.93      0.99      0.96       141
         猥亵儿童罪       0.98      1.00      0.99       141
         玩忽职守罪       1.00      0.98      0.99       141
         盗伐林木罪       0.99      0.96      0.97       141
           盗窃罪       0.99      0.99      0.99       141
       破坏交通设施罪       0.98      0.99      0.98        80
     破坏易燃易爆设备罪       0.99      1.00      0.99       141
       破坏生产经营罪       0.99      1.00      1.00       141
       破坏电力设备罪       0.98      1.00      0.99       141
       破坏监管秩序罪       0.96      0.99      0.98       141
    破坏计算机信息系统罪       0.97      0.97      0.97       117
         票据诈骗罪       0.97      0.99      0.98       141
       私分国有资产罪       0.99      0.98      0.98       141
  组织他人偷越国（边）境罪       0.95      0.98      0.97       141
         组织卖淫罪       0.96      0.93      0.94       141
       组织淫秽表演罪       1.00      0.96      0.98        78
       组织考试作弊罪       1.00      0.86      0.92        43
           绑架罪       0.99      1.00      1.00       141
         职务侵占罪       0.92      0.99      0.96       141
     聚众冲击国家机关罪       0.97      0.99      0.98       131
         聚众哄抢罪       1.00      1.00      1.00        45
     聚众扰乱社会秩序罪       0.98      0.99      0.98       141
         聚众斗殴罪       0.99      0.99      0.99       141
           脱逃罪       0.98      0.96      0.97       141
         虚开发票罪       0.99      0.99      0.99       141
       虚报注册资本罪       0.96      0.95      0.96       141
           行贿罪       0.99      0.96      0.97       141
           诈骗罪       0.96      0.99      0.97       141
         诬告陷害罪       1.00      0.99      0.99       141
           诽谤罪       0.98      1.00      0.99        48
           贪污罪       0.97      0.99      0.98       141
         贷款诈骗罪       0.98      0.98      0.98       141
           赌博罪       0.97      0.99      0.98       141
         走私废物罪       0.97      1.00      0.99        68
过失以危险方法危害公共安全罪       0.99      0.98      0.98       141
     过失投放危险物质罪       1.00      0.77      0.87        39
       过失致人死亡罪       0.99      0.98      0.98       141
       过失致人重伤罪       0.99      1.00      1.00       141
  运送他人偷越国（边）境罪       0.98      0.96      0.97       141
       违法发放贷款罪       1.00      1.00      1.00       141
           逃税罪       0.98      1.00      0.99       141
           遗弃罪       0.98      1.00      0.99       134
     重大劳动安全事故罪       0.98      1.00      0.99       141
       重大责任事故罪       0.99      0.99      0.99       141
           重婚罪       0.99      1.00      1.00       141
  销售假冒注册商标的商品罪       0.98      0.96      0.97       141
         集资诈骗罪       0.96      0.98      0.97       141
    非国家工作人员受贿罪       0.99      0.98      0.99       141
     非法买卖制毒物品罪       0.95      1.00      0.98       141
       非法入侵住宅罪       0.97      1.00      0.98       141
       非法出售发票罪       0.99      0.99      0.99       141
      非法占用农用地罪       0.99      1.00      0.99       141
     非法吸收公众存款罪       0.97      0.99      0.98       141
         非法拘禁罪       0.97      1.00      0.99       141
       非法持有毒品罪       0.97      0.99      0.98       141
      非法捕捞水产品罪       0.99      1.00      1.00       141
         非法狩猎罪       1.00      0.98      0.99       141
    非法种植毒品原植物罪       1.00      1.00      1.00       141
       非法组织卖血罪       1.00      0.99      1.00       126
         非法经营罪       0.99      0.96      0.97       141
     非法获取国家秘密罪       0.90      1.00      0.95       121
         非法行医罪       0.99      1.00      1.00       141
     非法进行节育手术罪       0.99      1.00      0.99       141
         非法采矿罪       0.99      1.00      0.99       141
         高利转贷罪       1.00      1.00      1.00        38

      accuracy                           0.98     17329
     macro avg       0.98      0.98      0.98     17329
  weighted avg       0.98      0.98      0.98     17329



score: 0.9779560274684056

对测试集进行模型评估： 2022-04-18 10:14:42.838181
classification_report: 
                precision    recall  f1-score   support

         串通投标罪       0.88      0.98      0.93        59
         交通肇事罪       0.89      0.86      0.88        59
         介绍贿赂罪       0.66      0.85      0.74        59
         代替考试罪       0.83      0.95      0.89        21
  以危险方法危害公共安全罪       0.71      0.58      0.64        59
       传授犯罪方法罪       0.92      0.73      0.81        15
         传播性病罪       0.90      0.95      0.93        20
       传播淫秽物品罪       0.92      1.00      0.96        59
           伪证罪       0.70      0.71      0.71        59
         伪造货币罪       0.84      0.95      0.89        22
           侮辱罪       0.77      0.77      0.77        26
           侵占罪       0.90      0.76      0.83        59
     侵犯公民个人信息罪       0.92      0.92      0.92        59
        侵犯著作权罪       0.89      0.95      0.92        59
         保险诈骗罪       0.85      0.93      0.89        59
        信用卡诈骗罪       0.91      0.88      0.90        59
       假冒注册商标罪       0.75      0.88      0.81        59
      偷越国（边）境罪       0.89      0.93      0.91        59
           其他类       0.63      0.54      0.58       383
     冒充军人招摇撞骗罪       0.77      0.95      0.85        59
          刑事其他       0.52      0.46      0.49        59
      利用影响力受贿罪       0.77      0.85      0.81        20
    动植物检疫徇私舞弊罪       0.89      1.00      0.94        50
     包庇毒品犯罪分子罪       0.53      0.53      0.53        15
       协助组织卖淫罪       0.66      0.76      0.71        59
         单位受贿罪       0.71      0.75      0.73        59
         单位行贿罪       0.62      0.63      0.62        59
       危险物品肇事罪       0.80      0.55      0.65        29
         危险驾驶罪       0.89      1.00      0.94        59
           受贿罪       0.67      0.54      0.60        59
         合同诈骗罪       0.82      0.63      0.71        59
           失火罪       0.89      0.92      0.90        59
         妨害作证罪       0.66      0.59      0.62        59
      妨害信用卡管理罪       0.92      0.93      0.92        59
         妨害公务罪       0.92      0.97      0.94        59
       容留他人吸毒罪       0.94      0.86      0.90        59
        对单位行贿罪       0.61      0.40      0.49        47
   对非国家工作人员行贿罪       0.76      0.63      0.69        59
         寻衅滋事罪       0.86      0.81      0.83        59
     巨额财产来源不明罪       0.71      0.71      0.71        35
   帮助犯罪分子逃避处罚罪       0.73      0.82      0.77        44
         开设赌场罪       0.90      0.88      0.89        59
           强奸罪       0.81      0.78      0.79        59
         强迫交易罪       0.87      0.76      0.81        59
         强迫劳动罪       0.85      0.81      0.83        21
         强迫卖淫罪       0.85      0.80      0.82        50
         徇私枉法罪       0.77      0.75      0.76        59
  徇私舞弊不移交刑事案件罪       0.86      0.67      0.75        27
  扰乱无线电通讯管理秩序罪       0.94      0.81      0.87        59
       投放危险物质罪       0.75      0.95      0.84        59
           抢劫罪       0.83      0.68      0.75        59
           抢夺罪       0.81      0.97      0.88        59
         拐骗儿童罪       0.83      0.91      0.87        57
     拒不支付劳动报酬罪       0.88      0.98      0.93        59
         招摇撞骗罪       0.78      0.71      0.74        59
      持有伪造的发票罪       0.93      0.93      0.93        59
         挪用公款罪       0.81      0.64      0.72        59
       挪用特定款物罪       0.64      0.67      0.65        21
         挪用资金罪       0.62      0.71      0.66        59
           放火罪       0.74      0.85      0.79        59
         故意伤害罪       0.89      0.81      0.85        59
         故意杀人罪       0.81      0.81      0.81        59
       故意毁坏财物罪       0.78      0.61      0.69        59
         敲诈勒索罪       0.85      0.80      0.82        59
         污染环境罪       0.97      0.97      0.97        59
         滥伐林木罪       0.81      0.97      0.88        59
         滥用职权罪       0.69      0.71      0.70        59
           爆炸罪       0.74      0.93      0.83        59
         猥亵儿童罪       0.87      0.93      0.90        59
         玩忽职守罪       0.78      0.76      0.77        59
         盗伐林木罪       0.85      0.90      0.88        59
           盗窃罪       0.92      0.98      0.95        59
       破坏交通设施罪       0.76      0.91      0.83        34
     破坏易燃易爆设备罪       0.94      0.98      0.96        59
       破坏生产经营罪       0.73      0.75      0.74        59
       破坏电力设备罪       0.84      0.86      0.85        59
       破坏监管秩序罪       0.82      0.86      0.84        59
    破坏计算机信息系统罪       0.80      0.90      0.85        49
         票据诈骗罪       0.79      0.95      0.86        59
       私分国有资产罪       0.77      0.85      0.81        59
  组织他人偷越国（边）境罪       0.79      0.83      0.81        59
         组织卖淫罪       0.82      0.61      0.70        59
       组织淫秽表演罪       0.92      1.00      0.96        33
       组织考试作弊罪       1.00      0.61      0.76        18
           绑架罪       0.90      0.90      0.90        59
         职务侵占罪       0.89      0.83      0.86        59
     聚众冲击国家机关罪       0.80      0.84      0.82        56
         聚众哄抢罪       0.83      0.83      0.83        18
     聚众扰乱社会秩序罪       0.76      0.86      0.81        59
         聚众斗殴罪       0.92      0.83      0.88        59
           脱逃罪       0.70      0.85      0.77        59
         虚开发票罪       0.88      0.88      0.88        59
       虚报注册资本罪       0.86      0.85      0.85        59
           行贿罪       0.64      0.42      0.51        59
           诈骗罪       0.89      0.69      0.78        59
         诬告陷害罪       0.81      0.88      0.85        59
           诽谤罪       0.77      0.85      0.81        20
           贪污罪       0.63      0.54      0.58        59
         贷款诈骗罪       0.87      0.90      0.88        59
           赌博罪       0.89      0.98      0.94        59
         走私废物罪       0.84      0.96      0.90        28
过失以危险方法危害公共安全罪       0.62      0.75      0.68        59
     过失投放危险物质罪       0.29      0.12      0.17        16
       过失致人死亡罪       0.83      0.66      0.74        59
       过失致人重伤罪       0.76      0.95      0.84        59
  运送他人偷越国（边）境罪       0.90      0.95      0.93        59
       违法发放贷款罪       0.84      0.97      0.90        59
           逃税罪       0.82      0.95      0.88        59
           遗弃罪       0.86      0.96      0.91        56
     重大劳动安全事故罪       0.62      0.86      0.72        59
       重大责任事故罪       0.72      0.66      0.69        59
           重婚罪       0.87      0.98      0.92        59
  销售假冒注册商标的商品罪       0.88      0.88      0.88        59
         集资诈骗罪       0.81      0.80      0.80        59
    非国家工作人员受贿罪       0.69      0.78      0.73        59
     非法买卖制毒物品罪       0.85      0.90      0.88        59
       非法入侵住宅罪       0.61      0.51      0.56        59
       非法出售发票罪       0.96      0.93      0.95        59
      非法占用农用地罪       0.93      0.90      0.91        59
     非法吸收公众存款罪       0.85      0.90      0.88        59
         非法拘禁罪       0.82      0.61      0.70        59
       非法持有毒品罪       0.76      0.97      0.85        59
      非法捕捞水产品罪       0.95      0.97      0.96        59
         非法狩猎罪       0.96      0.92      0.94        59
    非法种植毒品原植物罪       0.95      1.00      0.98        59
       非法组织卖血罪       1.00      0.32      0.49        53
         非法经营罪       0.85      0.66      0.74        59
     非法获取国家秘密罪       0.81      0.92      0.86        51
         非法行医罪       0.93      0.90      0.91        59
     非法进行节育手术罪       0.97      1.00      0.98        59
         非法采矿罪       0.89      0.98      0.94        59
         高利转贷罪       0.79      0.69      0.73        16

      accuracy                           0.81      7310
     macro avg       0.81      0.81      0.81      7310
  weighted avg       0.81      0.81      0.80      7310



score: 0.8073871409028728
请输入需要预测的文本:
