C:\ProgramData\anaconda3.1\python.exe B:/code_master/code/02PredictionOfJudgmentResults/ModelEvaluation_under200.py
Start running time: 2022-04-18 12:32:39.938205
Building prefix dict from the default dictionary ...
Loading model from cache C:\Users\bigdata\AppData\Local\Temp\jieba.cache
Loading model cost 0.897 seconds.
Prefix dict has been built successfully.
getPreResult() Start running time: 2022-04-18 12:33:37.121740
(tfidfTrain.toarray()).shape : 
(17329, 5000)
(tfidfTest.toarray()).shape : 
(383, 5000)
对训练集进行模型评估：
classification_report: 
                   precision    recall  f1-score   support

            串通投标罪       0.98      1.00      0.99       141
         为亲友非法牟利罪       1.00      1.00      1.00         3
            交通肇事罪       0.97      1.00      0.99       141
            介绍贿赂罪       1.00      0.99      1.00       141
            代替考试罪       0.94      0.96      0.95        50
     以危险方法危害公共安全罪       0.97      0.98      0.98       141
          传授犯罪方法罪       1.00      0.97      0.99        38
            传播性病罪       0.96      1.00      0.98        50
          传播淫秽物品罪       0.99      1.00      0.99       141
         传染病防治失职罪       1.00      1.00      1.00         1
              伪证罪       1.00      0.97      0.99       141
            伪造货币罪       0.98      0.98      0.98        52
              侮辱罪       0.98      0.98      0.98        63
              侵占罪       1.00      0.92      0.96       141
        侵犯公民个人信息罪       0.99      0.99      0.99       141
          侵犯商业秘密罪       1.00      1.00      1.00        19
           侵犯著作权罪       0.99      1.00      1.00       141
          侵犯通信自由罪       1.00      1.00      1.00         1
            保险诈骗罪       0.99      1.00      0.99       141
           信用卡诈骗罪       0.99      0.99      0.99       141
           信用证诈骗罪       1.00      1.00      1.00         7
            倒卖文物罪       0.94      1.00      0.97        32
            假冒专利罪       1.00      1.00      1.00         2
          假冒注册商标罪       0.96      0.98      0.97       141
         偷越国（边）境罪       0.99      0.99      0.99       141
        冒充军人招摇撞骗罪       0.99      0.99      0.99       141
      出具证明文件重大失实罪       1.00      0.90      0.95        10
         出售出入境证件罪       1.00      0.89      0.94         9
             刑事其他       0.96      0.90      0.93       141
            刑讯逼供罪       1.00      1.00      1.00         9
         利用影响力受贿罪       0.96      0.96      0.96        49
       利用未公开信息交易罪       1.00      0.80      0.89         5
       动植物检疫徇私舞弊罪       0.95      1.00      0.98       119
         劫夺被押解人员罪       1.00      1.00      1.00         7
        包庇毒品犯罪分子罪       1.00      1.00      1.00        36
            医疗事故罪       1.00      0.93      0.96        14
          协助组织卖淫罪       0.93      0.95      0.94       141
            单位受贿罪       0.97      0.96      0.96       141
            单位行贿罪       0.97      0.98      0.97       141
          危害公共安全罪       1.00      0.83      0.91         6
          危险物品肇事罪       1.00      0.96      0.98        69
            危险驾驶罪       1.00      0.99      1.00       141
              受贿罪       0.98      0.99      0.99       141
            变造货币罪       1.00      0.67      0.80         3
            合同诈骗罪       0.98      0.98      0.98       141
       吸收客户资金不入账罪       1.00      1.00      1.00         6
              失火罪       0.99      1.00      0.99       141
      失职致使在押人员脱逃罪       1.00      1.00      1.00        19
            妨害作证罪       0.98      0.98      0.98       141
         妨害信用卡管理罪       1.00      1.00      1.00       141
            妨害公务罪       1.00      0.99      1.00       141
            妨害清算罪       1.00      1.00      1.00         1
          容留他人吸毒罪       0.97      0.98      0.97       141
           对单位行贿罪       0.97      0.96      0.96       113
       对有影响力的人行贿罪       1.00      1.00      1.00         2
      对非国家工作人员行贿罪       0.99      0.99      0.99       141
            寻衅滋事罪       0.99      1.00      1.00       141
        工程重大安全事故罪       1.00      0.93      0.96        14
        巨额财产来源不明罪       1.00      0.99      0.99        82
      帮助信息网络犯罪活动罪       1.00      1.00      1.00         2
      帮助犯罪分子逃避处罚罪       0.92      0.99      0.95       105
            开设赌场罪       0.98      0.99      0.99       141
          引诱幼女卖淫罪       1.00      1.00      1.00         2
      引诱未成年人聚众淫乱罪       1.00      1.00      1.00         1
        强令违章冒险作业罪       1.00      1.00      1.00         2
              强奸罪       0.98      0.98      0.98       141
            强迫交易罪       0.99      0.97      0.98       141
          强迫他人吸毒罪       1.00      0.97      0.98        31
            强迫劳动罪       1.00      1.00      1.00        50
            强迫卖淫罪       0.99      0.97      0.98       119
            徇私枉法罪       0.99      0.99      0.99       141
     徇私舞弊不移交刑事案件罪       0.98      0.97      0.98        64
          打击报复证人罪       1.00      1.00      1.00        25
      扰乱国家机关工作秩序罪       1.00      1.00      1.00         9
     扰乱无线电通讯管理秩序罪       0.97      1.00      0.98       141
          扰乱法庭秩序罪       1.00      1.00      1.00        21
          投放危险物质罪       0.92      1.00      0.96       141
        投放虚假危险物质罪       1.00      0.75      0.86        12
              抢劫罪       0.99      0.98      0.98       141
              抢夺罪       0.99      1.00      1.00       141
            拐骗儿童罪       1.00      0.99      1.00       136
        拒不支付劳动报酬罪       0.99      1.00      1.00       141
            招摇撞骗罪       1.00      0.99      1.00       141
         持有伪造的发票罪       0.99      0.99      0.99       141
            挪用公款罪       0.95      0.99      0.97       141
          挪用特定款物罪       1.00      1.00      1.00        52
            挪用资金罪       0.99      0.99      0.99       141
        提供虚假证明文件罪       1.00      0.89      0.94        19
        擅自设立金融机构罪       1.00      1.00      1.00         4
              放火罪       0.96      0.99      0.98       141
    放纵制售伪劣商品犯罪行为罪       1.00      1.00      1.00         3
            放纵走私罪       1.00      1.00      1.00         4
            故意伤害罪       0.99      0.98      0.99       141
          故意损毁文物罪       1.00      0.92      0.96        12
            故意杀人罪       0.98      0.97      0.98       141
          故意毁坏财物罪       0.99      0.98      0.99       141
        故意泄露国家秘密罪       1.00      0.63      0.77        19
      教育设施重大安全事故罪       1.00      1.00      1.00         7
            敲诈勒索罪       0.99      0.99      0.99       141
            暴力取证罪       1.00      1.00      1.00         1
          有价证券诈骗罪       1.00      1.00      1.00         7
            污染环境罪       1.00      1.00      1.00       141
              洗钱罪       1.00      1.00      1.00        14
          消防责任事故罪       1.00      1.00      1.00        13
            滥伐林木罪       0.95      0.99      0.97       141
            滥用职权罪       1.00      0.99      1.00       141
          煽动分裂国家罪       1.00      1.00      1.00         2
      煽动暴力抗拒法律实施罪       1.00      1.00      1.00         1
        煽动颠覆国家政权罪       1.00      1.00      1.00         1
              爆炸罪       0.96      0.99      0.97       141
            猥亵儿童罪       0.99      1.00      0.99       141
            玩忽职守罪       1.00      0.98      0.99       141
          环境监管失职罪       1.00      1.00      1.00        15
            盗伐林木罪       0.99      0.96      0.97       141
              盗窃罪       0.99      0.99      0.99       141
          破坏交通工具罪       1.00      0.92      0.96        24
          破坏交通设施罪       0.99      0.99      0.99        80
            破坏军婚罪       1.00      1.00      1.00         7
        破坏易燃易爆设备罪       0.99      1.00      0.99       141
          破坏生产经营罪       1.00      1.00      1.00       141
          破坏电力设备罪       0.99      1.00      0.99       141
          破坏监管秩序罪       0.97      0.99      0.98       141
       破坏计算机信息系统罪       0.99      0.97      0.98       117
            破坏选举罪       1.00      1.00      1.00         3
            票据诈骗罪       0.99      0.99      0.99       141
          私分国有资产罪       0.99      0.98      0.98       141
          私放在押人员罪       1.00      1.00      1.00         6
     组织他人偷越国（边）境罪       0.97      0.98      0.97       141
        组织出卖人体器官罪       1.00      1.00      1.00         7
            组织卖淫罪       0.96      0.93      0.94       141
组织未成年人进行违反治安管理活动罪       1.00      1.00      1.00        10
          组织淫秽表演罪       1.00      0.96      0.98        78
          组织考试作弊罪       1.00      0.86      0.92        43
            组织越狱罪       0.50      1.00      0.67         2
              绑架罪       0.99      1.00      1.00       141
            职务侵占罪       0.92      0.99      0.96       141
        聚众冲击国家机关罪       0.98      0.99      0.99       131
            聚众哄抢罪       1.00      1.00      1.00        45
     聚众扰乱军事管理区秩序罪       1.00      1.00      1.00         1
        聚众扰乱社会秩序罪       0.99      0.99      0.99       141
            聚众斗殴罪       0.99      0.99      0.99       141
            聚众淫乱罪       1.00      1.00      1.00         9
              脱逃罪       0.99      0.96      0.97       141
              虐待罪       1.00      0.93      0.96        28
          虐待被监管人罪       1.00      0.91      0.95        23
            虚假广告罪       1.00      1.00      1.00         7
            虚假诉讼罪       1.00      0.89      0.94        19
            虚开发票罪       0.99      0.99      0.99       141
          虚报注册资本罪       0.96      0.95      0.96       141
              行贿罪       0.99      0.96      0.97       141
              诈骗罪       0.96      0.99      0.97       141
            诬告陷害罪       1.00      0.99      0.99       141
              诽谤罪       0.98      1.00      0.99        48
              贪污罪       0.97      0.99      0.98       141
            贷款诈骗罪       0.99      0.98      0.98       141
              赌博罪       0.97      0.99      0.98       141
          走私制毒物品罪       1.00      0.71      0.83         7
            走私废物罪       1.00      1.00      1.00        68
          走私淫秽物品罪       1.00      1.00      1.00         2
          走私贵重金属罪       1.00      1.00      1.00         8
   过失以危险方法危害公共安全罪       0.99      0.98      0.98       141
            过失决水罪       1.00      1.00      1.00         1
        过失投放危险物质罪       1.00      0.77      0.87        39
        过失损坏交通设施罪       1.00      1.00      1.00         1
      过失损坏易燃易爆设备罪       1.00      0.67      0.80         3
        过失损坏电力设备罪       1.00      0.92      0.96        13
          过失损毁文物罪       1.00      0.80      0.89         5
            过失爆炸罪       0.86      0.75      0.80         8
          过失致人死亡罪       0.99      0.98      0.99       141
          过失致人重伤罪       1.00      1.00      1.00       141
     运送他人偷越国（边）境罪       0.98      0.96      0.97       141
     违法发放林木采伐许可证罪       1.00      1.00      1.00        14
          违法发放贷款罪       1.00      1.00      1.00       141
        违规出具金融票证罪       1.00      1.00      1.00         7
              逃税罪       0.98      1.00      0.99       141
          逃避追缴欠税罪       1.00      0.43      0.60         7
              遗弃罪       0.98      1.00      0.99       134
        重大劳动安全事故罪       0.99      1.00      0.99       141
          重大责任事故罪       0.99      0.99      0.99       141
              重婚罪       1.00      1.00      1.00       141
          金融凭证诈骗罪       1.00      0.96      0.98        25
         销售侵权复制品罪       1.00      1.00      1.00        12
     销售假冒注册商标的商品罪       0.98      0.96      0.97       141
          阻碍军事行动罪       1.00      1.00      1.00         1
        阻碍军人执行职务罪       1.00      0.50      0.67         2
            集资诈骗罪       0.96      0.98      0.97       141
       非国家工作人员受贿罪       0.99      0.98      0.99       141
        非法买卖制毒物品罪       0.97      1.00      0.99       141
   非法低价出让国有土地使用权罪       1.00      1.00      1.00         2
     非法侵入计算机信息系统罪       1.00      1.00      1.00         9
          非法入侵住宅罪       0.99      1.00      0.99       141
          非法出售发票罪       0.99      0.99      0.99       141
     非法出售增值税专用发票罪       0.93      1.00      0.97        14
        非法利用信息网络罪       1.00      0.33      0.50         3
         非法占用农用地罪       0.99      1.00      0.99       141
        非法吸收公众存款罪       0.99      0.99      0.99       141
     非法处置进口的固体废物罪       1.00      1.00      1.00         2
            非法拘禁罪       0.98      1.00      0.99       141
          非法持有毒品罪       0.97      0.99      0.98       141
         非法捕捞水产品罪       0.99      1.00      1.00       141
            非法搜查罪       1.00      1.00      1.00         4
            非法狩猎罪       1.00      0.98      0.99       141
       非法种植毒品原植物罪       1.00      1.00      1.00       141
          非法组织卖血罪       1.00      0.99      1.00       126
        非法经营同类营业罪       1.00      1.00      1.00         4
            非法经营罪       0.99      0.96      0.97       141
        非法获取国家秘密罪       0.92      1.00      0.96       121
            非法行医罪       0.99      1.00      1.00       141
        非法进行节育手术罪       0.99      1.00      1.00       141
            非法采矿罪       0.99      1.00      0.99       141
          颠覆国家政权罪       1.00      1.00      1.00         1
          食品监管渎职罪       1.00      0.81      0.90        32
          骗取出口退税罪       1.00      1.00      1.00        25
          骗取出境证件罪       1.00      0.88      0.93        16
            骗购外汇罪       1.00      1.00      1.00         2
            高利转贷罪       1.00      1.00      1.00        38

         accuracy                           0.98     17329
        macro avg       0.99      0.96      0.97     17329
     weighted avg       0.98      0.98      0.98     17329



score: 0.9822840325465982

对测试集进行模型评估：
classification_report: 
C:\Users\bigdata\AppData\Roaming\Python\Python37\site-packages\sklearn\metrics\_classification.py:1318: UndefinedMetricWarning: Precision and F-score are ill-defined and being set to 0.0 in labels with no predicted samples. Use `zero_division` parameter to control this behavior.
  _warn_prf(average, modifier, msg_start, len(result))
C:\Users\bigdata\AppData\Roaming\Python\Python37\site-packages\sklearn\metrics\_classification.py:1318: UndefinedMetricWarning: Recall and F-score are ill-defined and being set to 0.0 in labels with no true samples. Use `zero_division` parameter to control this behavior.
  _warn_prf(average, modifier, msg_start, len(result))
C:\Users\bigdata\AppData\Roaming\Python\Python37\site-packages\sklearn\metrics\_classification.py:1318: UndefinedMetricWarning: Precision and F-score are ill-defined and being set to 0.0 in labels with no predicted samples. Use `zero_division` parameter to control this behavior.
  _warn_prf(average, modifier, msg_start, len(result))
C:\Users\bigdata\AppData\Roaming\Python\Python37\site-packages\sklearn\metrics\_classification.py:1318: UndefinedMetricWarning: Recall and F-score are ill-defined and being set to 0.0 in labels with no true samples. Use `zero_division` parameter to control this behavior.
  _warn_prf(average, modifier, msg_start, len(result))
C:\Users\bigdata\AppData\Roaming\Python\Python37\site-packages\sklearn\metrics\_classification.py:1318: UndefinedMetricWarning: Precision and F-score are ill-defined and being set to 0.0 in labels with no predicted samples. Use `zero_division` parameter to control this behavior.
  _warn_prf(average, modifier, msg_start, len(result))
C:\Users\bigdata\AppData\Roaming\Python\Python37\site-packages\sklearn\metrics\_classification.py:1318: UndefinedMetricWarning: Recall and F-score are ill-defined and being set to 0.0 in labels with no true samples. Use `zero_division` parameter to control this behavior.
  _warn_prf(average, modifier, msg_start, len(result))
                   precision    recall  f1-score   support

            串通投标罪       0.00      0.00      0.00         0
         为亲友非法牟利罪       0.00      0.00      0.00         2
            介绍贿赂罪       0.00      0.00      0.00         0
            代替考试罪       0.00      0.00      0.00         0
     以危险方法危害公共安全罪       0.00      0.00      0.00         0
          传播淫秽物品罪       0.00      0.00      0.00         0
         传染病防治失职罪       1.00      1.00      1.00         1
              伪证罪       0.00      0.00      0.00         0
            伪造货币罪       0.00      0.00      0.00         0
              侮辱罪       0.00      0.00      0.00         0
              侵占罪       0.00      0.00      0.00         0
        侵犯公民个人信息罪       0.00      0.00      0.00         0
          侵犯商业秘密罪       1.00      0.78      0.88         9
           侵犯著作权罪       0.00      0.00      0.00         0
          侵犯通信自由罪       0.00      0.00      0.00         1
           信用卡诈骗罪       0.00      0.00      0.00         0
           信用证诈骗罪       0.00      0.00      0.00         3
            倒卖文物罪       0.87      0.87      0.87        15
            假冒专利罪       0.00      0.00      0.00         1
        冒充军人招摇撞骗罪       0.00      0.00      0.00         0
      出具证明文件重大失实罪       0.40      0.40      0.40         5
         出售出入境证件罪       1.00      0.20      0.33         5
             刑事其他       0.00      0.00      0.00         0
            刑讯逼供罪       1.00      0.75      0.86         4
         利用影响力受贿罪       0.00      0.00      0.00         0
       利用未公开信息交易罪       1.00      1.00      1.00         3
       动植物检疫徇私舞弊罪       0.00      0.00      0.00         0
         劫夺被押解人员罪       1.00      0.67      0.80         3
            医疗事故罪       1.00      0.67      0.80         6
          协助组织卖淫罪       0.00      0.00      0.00         0
            单位行贿罪       0.00      0.00      0.00         0
          危害公共安全罪       0.00      0.00      0.00         3
              受贿罪       0.00      0.00      0.00         0
            变造货币罪       1.00      0.50      0.67         2
       吸收客户资金不入账罪       1.00      0.67      0.80         3
              失火罪       0.00      0.00      0.00         0
      失职致使在押人员脱逃罪       1.00      0.56      0.71         9
            妨害作证罪       0.00      0.00      0.00         0
            妨害清算罪       0.00      0.00      0.00         1
          容留他人吸毒罪       0.00      0.00      0.00         0
           对单位行贿罪       0.00      0.00      0.00         0
       对有影响力的人行贿罪       0.00      0.00      0.00         1
      对非国家工作人员行贿罪       0.00      0.00      0.00         0
        工程重大安全事故罪       1.00      0.43      0.60         7
        巨额财产来源不明罪       0.00      0.00      0.00         0
      帮助信息网络犯罪活动罪       0.00      0.00      0.00         2
      帮助犯罪分子逃避处罚罪       0.00      0.00      0.00         0
          引诱幼女卖淫罪       0.00      0.00      0.00         2
      引诱未成年人聚众淫乱罪       0.00      0.00      0.00         1
        强令违章冒险作业罪       0.00      0.00      0.00         2
              强奸罪       0.00      0.00      0.00         0
          强迫他人吸毒罪       1.00      0.71      0.83        14
            强迫劳动罪       0.00      0.00      0.00         0
            强迫卖淫罪       0.00      0.00      0.00         0
            徇私枉法罪       0.00      0.00      0.00         0
          打击报复证人罪       1.00      0.18      0.31        11
      扰乱国家机关工作秩序罪       1.00      0.50      0.67         4
     扰乱无线电通讯管理秩序罪       0.00      0.00      0.00         0
          扰乱法庭秩序罪       1.00      0.70      0.82        10
        投放虚假危险物质罪       1.00      0.17      0.29         6
              抢夺罪       0.00      0.00      0.00         0
            拐骗儿童罪       0.00      0.00      0.00         0
        拒不支付劳动报酬罪       0.00      0.00      0.00         0
            招摇撞骗罪       0.00      0.00      0.00         0
            挪用公款罪       0.00      0.00      0.00         0
            挪用资金罪       0.00      0.00      0.00         0
        提供虚假证明文件罪       0.75      0.33      0.46         9
        擅自设立金融机构罪       1.00      0.50      0.67         2
    放纵制售伪劣商品犯罪行为罪       0.00      0.00      0.00         2
            放纵走私罪       0.00      0.00      0.00         3
          故意损毁文物罪       0.75      0.50      0.60         6
        故意泄露国家秘密罪       1.00      0.11      0.20         9
      教育设施重大安全事故罪       0.00      0.00      0.00         4
            敲诈勒索罪       0.00      0.00      0.00         0
            暴力取证罪       0.00      0.00      0.00         1
          有价证券诈骗罪       1.00      0.67      0.80         3
            污染环境罪       0.00      0.00      0.00         0
              洗钱罪       1.00      0.14      0.25         7
          消防责任事故罪       1.00      0.50      0.67         6
            滥用职权罪       0.00      0.00      0.00         0
          煽动分裂国家罪       1.00      1.00      1.00         2
      煽动暴力抗拒法律实施罪       0.00      0.00      0.00         1
        煽动颠覆国家政权罪       0.00      0.00      0.00         1
              爆炸罪       0.00      0.00      0.00         0
            玩忽职守罪       0.00      0.00      0.00         0
          环境监管失职罪       0.83      0.71      0.77         7
          破坏交通工具罪       1.00      0.55      0.71        11
          破坏交通设施罪       0.00      0.00      0.00         0
            破坏军婚罪       1.00      0.25      0.40         4
        破坏易燃易爆设备罪       0.00      0.00      0.00         0
          破坏生产经营罪       0.00      0.00      0.00         0
          破坏电力设备罪       0.00      0.00      0.00         0
          破坏监管秩序罪       0.00      0.00      0.00         0
       破坏计算机信息系统罪       0.00      0.00      0.00         0
            破坏选举罪       0.00      0.00      0.00         2
            票据诈骗罪       0.00      0.00      0.00         0
          私分国有资产罪       0.00      0.00      0.00         0
          私放在押人员罪       0.00      0.00      0.00         3
     组织他人偷越国（边）境罪       0.00      0.00      0.00         0
        组织出卖人体器官罪       1.00      0.33      0.50         3
组织未成年人进行违反治安管理活动罪       1.00      0.20      0.33         5
            组织越狱罪       0.00      0.00      0.00         1
              绑架罪       0.00      0.00      0.00         0
        聚众冲击国家机关罪       0.00      0.00      0.00         0
     聚众扰乱军事管理区秩序罪       0.00      0.00      0.00         1
        聚众扰乱社会秩序罪       0.00      0.00      0.00         0
            聚众斗殴罪       0.00      0.00      0.00         0
            聚众淫乱罪       1.00      0.50      0.67         4
              脱逃罪       0.00      0.00      0.00         0
              虐待罪       0.91      0.77      0.83        13
          虐待被监管人罪       1.00      0.30      0.46        10
            虚假广告罪       1.00      1.00      1.00         3
            虚假诉讼罪       1.00      0.22      0.36         9
          虚报注册资本罪       0.00      0.00      0.00         0
              行贿罪       0.00      0.00      0.00         0
              诈骗罪       0.00      0.00      0.00         0
            诬告陷害罪       0.00      0.00      0.00         0
              诽谤罪       0.00      0.00      0.00         0
          走私制毒物品罪       0.00      0.00      0.00         3
            走私废物罪       0.00      0.00      0.00         0
          走私淫秽物品罪       0.00      0.00      0.00         2
          走私贵重金属罪       1.00      1.00      1.00         4
   过失以危险方法危害公共安全罪       0.00      0.00      0.00         0
            过失决水罪       0.00      0.00      0.00         1
        过失投放危险物质罪       0.00      0.00      0.00         0
        过失损坏交通设施罪       0.00      0.00      0.00         1
      过失损坏易燃易爆设备罪       0.00      0.00      0.00         2
        过失损坏电力设备罪       1.00      0.17      0.29         6
          过失损毁文物罪       0.00      0.00      0.00         3
            过失爆炸罪       0.00      0.00      0.00         4
          过失致人重伤罪       0.00      0.00      0.00         0
     运送他人偷越国（边）境罪       0.00      0.00      0.00         0
     违法发放林木采伐许可证罪       1.00      1.00      1.00         6
          违法发放贷款罪       0.00      0.00      0.00         0
        违规出具金融票证罪       1.00      0.33      0.50         3
              逃税罪       0.00      0.00      0.00         0
          逃避追缴欠税罪       0.00      0.00      0.00         3
              遗弃罪       0.00      0.00      0.00         0
        重大劳动安全事故罪       0.00      0.00      0.00         0
          重大责任事故罪       0.00      0.00      0.00         0
              重婚罪       0.00      0.00      0.00         0
          金融凭证诈骗罪       0.83      0.45      0.59        11
         销售侵权复制品罪       1.00      0.17      0.29         6
          阻碍军事行动罪       0.00      0.00      0.00         1
        阻碍军人执行职务罪       0.00      0.00      0.00         2
       非国家工作人员受贿罪       0.00      0.00      0.00         0
        非法买卖制毒物品罪       0.00      0.00      0.00         0
   非法低价出让国有土地使用权罪       0.00      0.00      0.00         2
     非法侵入计算机信息系统罪       1.00      0.50      0.67         4
          非法入侵住宅罪       0.00      0.00      0.00         0
     非法出售增值税专用发票罪       1.00      0.83      0.91         6
        非法利用信息网络罪       0.00      0.00      0.00         2
        非法吸收公众存款罪       0.00      0.00      0.00         0
     非法处置进口的固体废物罪       1.00      0.50      0.67         2
            非法拘禁罪       0.00      0.00      0.00         0
          非法持有毒品罪       0.00      0.00      0.00         0
            非法搜查罪       0.00      0.00      0.00         2
        非法经营同类营业罪       0.00      0.00      0.00         2
        非法获取国家秘密罪       0.00      0.00      0.00         0
            非法行医罪       0.00      0.00      0.00         0
        非法进行节育手术罪       0.00      0.00      0.00         0
          颠覆国家政权罪       0.00      0.00      0.00         1
          食品监管渎职罪       1.00      0.67      0.80        15
          骗取出口退税罪       0.92      1.00      0.96        12
          骗取出境证件罪       0.67      0.25      0.36         8
            骗购外汇罪       0.00      0.00      0.00         1

         accuracy                           0.44       383
        macro avg       0.28      0.16      0.19       383
     weighted avg       0.77      0.44      0.53       383



score: 0.4412532637075718
请输入需要预测的文本:

-------------------------------------------------------------------------------------------------------------------
C:\ProgramData\anaconda3.1\python.exe B:/code_master/code/02PredictionOfJudgmentResults/ModelEvaluation_under200.py
Building prefix dict from the default dictionary ...
Loading model from cache C:\Users\bigdata\AppData\Local\Temp\jieba.cache
Start running time: 2022-04-19 23:58:04.395162
Loading model cost 0.737 seconds.
Prefix dict has been built successfully.
getPreResult() Start running time: 2022-04-19 23:59:05.655214
(tfidfTrain.toarray()).shape : 
(17329, 5000)
(tfidfTest.toarray()).shape : 
(7310, 5000)
对训练集进行模型评估：
classification_report: 
                   precision    recall  f1-score   support

            串通投标罪       0.98      1.00      0.99       141
         为亲友非法牟利罪       1.00      1.00      1.00         3
            交通肇事罪       0.97      1.00      0.99       141
            介绍贿赂罪       1.00      0.99      1.00       141
            代替考试罪       0.94      0.96      0.95        50
     以危险方法危害公共安全罪       0.97      0.98      0.98       141
          传授犯罪方法罪       1.00      0.97      0.99        38
            传播性病罪       0.96      1.00      0.98        50
          传播淫秽物品罪       0.99      1.00      0.99       141
         传染病防治失职罪       1.00      1.00      1.00         1
              伪证罪       1.00      0.97      0.99       141
            伪造货币罪       0.98      0.98      0.98        52
              侮辱罪       0.98      0.98      0.98        63
              侵占罪       1.00      0.92      0.96       141
        侵犯公民个人信息罪       0.99      0.99      0.99       141
          侵犯商业秘密罪       1.00      1.00      1.00        19
           侵犯著作权罪       0.99      1.00      1.00       141
          侵犯通信自由罪       1.00      1.00      1.00         1
            保险诈骗罪       0.99      1.00      0.99       141
           信用卡诈骗罪       0.99      0.99      0.99       141
           信用证诈骗罪       1.00      1.00      1.00         7
            倒卖文物罪       0.94      1.00      0.97        32
            假冒专利罪       1.00      1.00      1.00         2
          假冒注册商标罪       0.96      0.98      0.97       141
         偷越国（边）境罪       0.99      0.99      0.99       141
        冒充军人招摇撞骗罪       0.99      0.99      0.99       141
      出具证明文件重大失实罪       1.00      0.90      0.95        10
         出售出入境证件罪       1.00      0.89      0.94         9
             刑事其他       0.96      0.90      0.93       141
            刑讯逼供罪       1.00      1.00      1.00         9
         利用影响力受贿罪       0.96      0.96      0.96        49
       利用未公开信息交易罪       1.00      0.80      0.89         5
       动植物检疫徇私舞弊罪       0.95      1.00      0.98       119
         劫夺被押解人员罪       1.00      1.00      1.00         7
        包庇毒品犯罪分子罪       1.00      1.00      1.00        36
            医疗事故罪       1.00      0.93      0.96        14
          协助组织卖淫罪       0.93      0.95      0.94       141
            单位受贿罪       0.97      0.96      0.96       141
            单位行贿罪       0.97      0.98      0.97       141
          危害公共安全罪       1.00      0.83      0.91         6
          危险物品肇事罪       1.00      0.96      0.98        69
            危险驾驶罪       1.00      0.99      1.00       141
              受贿罪       0.98      0.99      0.99       141
            变造货币罪       1.00      0.67      0.80         3
            合同诈骗罪       0.98      0.98      0.98       141
       吸收客户资金不入账罪       1.00      1.00      1.00         6
              失火罪       0.99      1.00      0.99       141
      失职致使在押人员脱逃罪       1.00      1.00      1.00        19
            妨害作证罪       0.98      0.98      0.98       141
         妨害信用卡管理罪       1.00      1.00      1.00       141
            妨害公务罪       1.00      0.99      1.00       141
            妨害清算罪       1.00      1.00      1.00         1
          容留他人吸毒罪       0.97      0.98      0.97       141
           对单位行贿罪       0.97      0.96      0.96       113
       对有影响力的人行贿罪       1.00      1.00      1.00         2
      对非国家工作人员行贿罪       0.99      0.99      0.99       141
            寻衅滋事罪       0.99      1.00      1.00       141
        工程重大安全事故罪       1.00      0.93      0.96        14
        巨额财产来源不明罪       1.00      0.99      0.99        82
      帮助信息网络犯罪活动罪       1.00      1.00      1.00         2
      帮助犯罪分子逃避处罚罪       0.92      0.99      0.95       105
            开设赌场罪       0.98      0.99      0.99       141
          引诱幼女卖淫罪       1.00      1.00      1.00         2
      引诱未成年人聚众淫乱罪       1.00      1.00      1.00         1
        强令违章冒险作业罪       1.00      1.00      1.00         2
              强奸罪       0.98      0.98      0.98       141
            强迫交易罪       0.99      0.97      0.98       141
          强迫他人吸毒罪       1.00      0.97      0.98        31
            强迫劳动罪       1.00      1.00      1.00        50
            强迫卖淫罪       0.99      0.97      0.98       119
            徇私枉法罪       0.99      0.99      0.99       141
     徇私舞弊不移交刑事案件罪       0.98      0.97      0.98        64
          打击报复证人罪       1.00      1.00      1.00        25
      扰乱国家机关工作秩序罪       1.00      1.00      1.00         9
     扰乱无线电通讯管理秩序罪       0.97      1.00      0.98       141
          扰乱法庭秩序罪       1.00      1.00      1.00        21
          投放危险物质罪       0.92      1.00      0.96       141
        投放虚假危险物质罪       1.00      0.75      0.86        12
              抢劫罪       0.99      0.98      0.98       141
              抢夺罪       0.99      1.00      1.00       141
            拐骗儿童罪       1.00      0.99      1.00       136
        拒不支付劳动报酬罪       0.99      1.00      1.00       141
            招摇撞骗罪       1.00      0.99      1.00       141
         持有伪造的发票罪       0.99      0.99      0.99       141
            挪用公款罪       0.95      0.99      0.97       141
          挪用特定款物罪       1.00      1.00      1.00        52
            挪用资金罪       0.99      0.99      0.99       141
        提供虚假证明文件罪       1.00      0.89      0.94        19
        擅自设立金融机构罪       1.00      1.00      1.00         4
              放火罪       0.96      0.99      0.98       141
    放纵制售伪劣商品犯罪行为罪       1.00      1.00      1.00         3
            放纵走私罪       1.00      1.00      1.00         4
            故意伤害罪       0.99      0.98      0.99       141
          故意损毁文物罪       1.00      0.92      0.96        12
            故意杀人罪       0.98      0.97      0.98       141
          故意毁坏财物罪       0.99      0.98      0.99       141
        故意泄露国家秘密罪       1.00      0.63      0.77        19
      教育设施重大安全事故罪       1.00      1.00      1.00         7
            敲诈勒索罪       0.99      0.99      0.99       141
            暴力取证罪       1.00      1.00      1.00         1
          有价证券诈骗罪       1.00      1.00      1.00         7
            污染环境罪       1.00      1.00      1.00       141
              洗钱罪       1.00      1.00      1.00        14
          消防责任事故罪       1.00      1.00      1.00        13
            滥伐林木罪       0.95      0.99      0.97       141
            滥用职权罪       1.00      0.99      1.00       141
          煽动分裂国家罪       1.00      1.00      1.00         2
      煽动暴力抗拒法律实施罪       1.00      1.00      1.00         1
        煽动颠覆国家政权罪       1.00      1.00      1.00         1
              爆炸罪       0.96      0.99      0.97       141
            猥亵儿童罪       0.99      1.00      0.99       141
            玩忽职守罪       1.00      0.98      0.99       141
          环境监管失职罪       1.00      1.00      1.00        15
            盗伐林木罪       0.99      0.96      0.97       141
              盗窃罪       0.99      0.99      0.99       141
          破坏交通工具罪       1.00      0.92      0.96        24
          破坏交通设施罪       0.99      0.99      0.99        80
            破坏军婚罪       1.00      1.00      1.00         7
        破坏易燃易爆设备罪       0.99      1.00      0.99       141
          破坏生产经营罪       1.00      1.00      1.00       141
          破坏电力设备罪       0.99      1.00      0.99       141
          破坏监管秩序罪       0.97      0.99      0.98       141
       破坏计算机信息系统罪       0.99      0.97      0.98       117
            破坏选举罪       1.00      1.00      1.00         3
            票据诈骗罪       0.99      0.99      0.99       141
          私分国有资产罪       0.99      0.98      0.98       141
          私放在押人员罪       1.00      1.00      1.00         6
     组织他人偷越国（边）境罪       0.97      0.98      0.97       141
        组织出卖人体器官罪       1.00      1.00      1.00         7
            组织卖淫罪       0.96      0.93      0.94       141
组织未成年人进行违反治安管理活动罪       1.00      1.00      1.00        10
          组织淫秽表演罪       1.00      0.96      0.98        78
          组织考试作弊罪       1.00      0.86      0.92        43
            组织越狱罪       0.50      1.00      0.67         2
              绑架罪       0.99      1.00      1.00       141
            职务侵占罪       0.92      0.99      0.96       141
        聚众冲击国家机关罪       0.98      0.99      0.99       131
            聚众哄抢罪       1.00      1.00      1.00        45
     聚众扰乱军事管理区秩序罪       1.00      1.00      1.00         1
        聚众扰乱社会秩序罪       0.99      0.99      0.99       141
            聚众斗殴罪       0.99      0.99      0.99       141
            聚众淫乱罪       1.00      1.00      1.00         9
              脱逃罪       0.99      0.96      0.97       141
              虐待罪       1.00      0.93      0.96        28
          虐待被监管人罪       1.00      0.91      0.95        23
            虚假广告罪       1.00      1.00      1.00         7
            虚假诉讼罪       1.00      0.89      0.94        19
            虚开发票罪       0.99      0.99      0.99       141
          虚报注册资本罪       0.96      0.95      0.96       141
              行贿罪       0.99      0.96      0.97       141
              诈骗罪       0.96      0.99      0.97       141
            诬告陷害罪       1.00      0.99      0.99       141
              诽谤罪       0.98      1.00      0.99        48
              贪污罪       0.97      0.99      0.98       141
            贷款诈骗罪       0.99      0.98      0.98       141
              赌博罪       0.97      0.99      0.98       141
          走私制毒物品罪       1.00      0.71      0.83         7
            走私废物罪       1.00      1.00      1.00        68
          走私淫秽物品罪       1.00      1.00      1.00         2
          走私贵重金属罪       1.00      1.00      1.00         8
   过失以危险方法危害公共安全罪       0.99      0.98      0.98       141
            过失决水罪       1.00      1.00      1.00         1
        过失投放危险物质罪       1.00      0.77      0.87        39
        过失损坏交通设施罪       1.00      1.00      1.00         1
      过失损坏易燃易爆设备罪       1.00      0.67      0.80         3
        过失损坏电力设备罪       1.00      0.92      0.96        13
          过失损毁文物罪       1.00      0.80      0.89         5
            过失爆炸罪       0.86      0.75      0.80         8
          过失致人死亡罪       0.99      0.98      0.99       141
          过失致人重伤罪       1.00      1.00      1.00       141
     运送他人偷越国（边）境罪       0.98      0.96      0.97       141
     违法发放林木采伐许可证罪       1.00      1.00      1.00        14
          违法发放贷款罪       1.00      1.00      1.00       141
        违规出具金融票证罪       1.00      1.00      1.00         7
              逃税罪       0.98      1.00      0.99       141
          逃避追缴欠税罪       1.00      0.43      0.60         7
              遗弃罪       0.98      1.00      0.99       134
        重大劳动安全事故罪       0.99      1.00      0.99       141
          重大责任事故罪       0.99      0.99      0.99       141
              重婚罪       1.00      1.00      1.00       141
          金融凭证诈骗罪       1.00      0.96      0.98        25
         销售侵权复制品罪       1.00      1.00      1.00        12
     销售假冒注册商标的商品罪       0.98      0.96      0.97       141
          阻碍军事行动罪       1.00      1.00      1.00         1
        阻碍军人执行职务罪       1.00      0.50      0.67         2
            集资诈骗罪       0.96      0.98      0.97       141
       非国家工作人员受贿罪       0.99      0.98      0.99       141
        非法买卖制毒物品罪       0.97      1.00      0.99       141
   非法低价出让国有土地使用权罪       1.00      1.00      1.00         2
     非法侵入计算机信息系统罪       1.00      1.00      1.00         9
          非法入侵住宅罪       0.99      1.00      0.99       141
          非法出售发票罪       0.99      0.99      0.99       141
     非法出售增值税专用发票罪       0.93      1.00      0.97        14
        非法利用信息网络罪       1.00      0.33      0.50         3
         非法占用农用地罪       0.99      1.00      0.99       141
        非法吸收公众存款罪       0.99      0.99      0.99       141
     非法处置进口的固体废物罪       1.00      1.00      1.00         2
            非法拘禁罪       0.98      1.00      0.99       141
          非法持有毒品罪       0.97      0.99      0.98       141
         非法捕捞水产品罪       0.99      1.00      1.00       141
            非法搜查罪       1.00      1.00      1.00         4
            非法狩猎罪       1.00      0.98      0.99       141
       非法种植毒品原植物罪       1.00      1.00      1.00       141
          非法组织卖血罪       1.00      0.99      1.00       126
        非法经营同类营业罪       1.00      1.00      1.00         4
            非法经营罪       0.99      0.96      0.97       141
        非法获取国家秘密罪       0.92      1.00      0.96       121
            非法行医罪       0.99      1.00      1.00       141
        非法进行节育手术罪       0.99      1.00      1.00       141
            非法采矿罪       0.99      1.00      0.99       141
          颠覆国家政权罪       1.00      1.00      1.00         1
          食品监管渎职罪       1.00      0.81      0.90        32
          骗取出口退税罪       1.00      1.00      1.00        25
          骗取出境证件罪       1.00      0.88      0.93        16
            骗购外汇罪       1.00      1.00      1.00         2
            高利转贷罪       1.00      1.00      1.00        38

         accuracy                           0.98     17329
        macro avg       0.99      0.96      0.97     17329
     weighted avg       0.98      0.98      0.98     17329



score: 0.9822840325465982

对测试集进行模型评估：
classification_report: 
C:\Users\bigdata\AppData\Roaming\Python\Python37\site-packages\sklearn\metrics\_classification.py:1318: UndefinedMetricWarning: Precision and F-score are ill-defined and being set to 0.0 in labels with no predicted samples. Use `zero_division` parameter to control this behavior.
  _warn_prf(average, modifier, msg_start, len(result))
C:\Users\bigdata\AppData\Roaming\Python\Python37\site-packages\sklearn\metrics\_classification.py:1318: UndefinedMetricWarning: Precision and F-score are ill-defined and being set to 0.0 in labels with no predicted samples. Use `zero_division` parameter to control this behavior.
  _warn_prf(average, modifier, msg_start, len(result))
C:\Users\bigdata\AppData\Roaming\Python\Python37\site-packages\sklearn\metrics\_classification.py:1318: UndefinedMetricWarning: Precision and F-score are ill-defined and being set to 0.0 in labels with no predicted samples. Use `zero_division` parameter to control this behavior.
  _warn_prf(average, modifier, msg_start, len(result))
                   precision    recall  f1-score   support

            串通投标罪       0.88      0.98      0.93        59
         为亲友非法牟利罪       0.00      0.00      0.00         2
            交通肇事罪       0.89      0.86      0.88        59
            介绍贿赂罪       0.66      0.85      0.74        59
            代替考试罪       0.80      0.95      0.87        21
     以危险方法危害公共安全罪       0.69      0.58      0.63        59
          传授犯罪方法罪       0.92      0.73      0.81        15
            传播性病罪       0.90      0.95      0.93        20
          传播淫秽物品罪       0.92      1.00      0.96        59
         传染病防治失职罪       1.00      1.00      1.00         1
              伪证罪       0.70      0.73      0.72        59
            伪造货币罪       0.84      0.95      0.89        22
              侮辱罪       0.77      0.77      0.77        26
              侵占罪       0.85      0.75      0.79        59
        侵犯公民个人信息罪       0.92      0.92      0.92        59
          侵犯商业秘密罪       1.00      0.78      0.88         9
           侵犯著作权罪       0.88      0.95      0.91        59
          侵犯通信自由罪       0.00      0.00      0.00         1
            保险诈骗罪       0.85      0.93      0.89        59
           信用卡诈骗罪       0.91      0.88      0.90        59
           信用证诈骗罪       0.00      0.00      0.00         3
            倒卖文物罪       0.87      0.87      0.87        15
            假冒专利罪       0.00      0.00      0.00         1
          假冒注册商标罪       0.75      0.88      0.81        59
         偷越国（边）境罪       0.89      0.93      0.91        59
        冒充军人招摇撞骗罪       0.77      0.95      0.85        59
      出具证明文件重大失实罪       0.40      0.40      0.40         5
         出售出入境证件罪       0.50      0.20      0.29         5
             刑事其他       0.52      0.47      0.50        59
            刑讯逼供罪       1.00      0.75      0.86         4
         利用影响力受贿罪       0.71      0.85      0.77        20
       利用未公开信息交易罪       1.00      1.00      1.00         3
       动植物检疫徇私舞弊罪       0.89      1.00      0.94        50
         劫夺被押解人员罪       0.67      0.67      0.67         3
        包庇毒品犯罪分子罪       0.53      0.53      0.53        15
            医疗事故罪       0.67      0.67      0.67         6
          协助组织卖淫罪       0.66      0.76      0.71        59
            单位受贿罪       0.71      0.75      0.73        59
            单位行贿罪       0.61      0.63      0.62        59
          危害公共安全罪       0.00      0.00      0.00         3
          危险物品肇事罪       0.80      0.55      0.65        29
            危险驾驶罪       0.89      1.00      0.94        59
              受贿罪       0.67      0.54      0.60        59
            变造货币罪       1.00      0.50      0.67         2
            合同诈骗罪       0.80      0.63      0.70        59
       吸收客户资金不入账罪       1.00      0.67      0.80         3
              失火罪       0.87      0.92      0.89        59
      失职致使在押人员脱逃罪       1.00      0.56      0.71         9
            妨害作证罪       0.66      0.59      0.62        59
         妨害信用卡管理罪       0.92      0.93      0.92        59
            妨害公务罪       0.92      0.97      0.94        59
            妨害清算罪       0.00      0.00      0.00         1
          容留他人吸毒罪       0.93      0.88      0.90        59
           对单位行贿罪       0.59      0.40      0.48        47
       对有影响力的人行贿罪       0.00      0.00      0.00         1
      对非国家工作人员行贿罪       0.74      0.63      0.68        59
            寻衅滋事罪       0.86      0.81      0.83        59
        工程重大安全事故罪       1.00      0.43      0.60         7
        巨额财产来源不明罪       0.72      0.74      0.73        35
      帮助信息网络犯罪活动罪       0.00      0.00      0.00         2
      帮助犯罪分子逃避处罚罪       0.31      0.84      0.45        44
            开设赌场罪       0.90      0.88      0.89        59
          引诱幼女卖淫罪       0.00      0.00      0.00         2
      引诱未成年人聚众淫乱罪       0.00      0.00      0.00         1
        强令违章冒险作业罪       0.00      0.00      0.00         2
              强奸罪       0.81      0.78      0.79        59
            强迫交易罪       0.87      0.76      0.81        59
          强迫他人吸毒罪       1.00      0.71      0.83        14
            强迫劳动罪       0.89      0.81      0.85        21
            强迫卖淫罪       0.83      0.80      0.82        50
            徇私枉法罪       0.75      0.75      0.75        59
     徇私舞弊不移交刑事案件罪       0.82      0.67      0.73        27
          打击报复证人罪       1.00      0.18      0.31        11
      扰乱国家机关工作秩序罪       1.00      0.50      0.67         4
     扰乱无线电通讯管理秩序罪       0.94      0.81      0.87        59
          扰乱法庭秩序罪       0.88      0.70      0.78        10
          投放危险物质罪       0.74      0.95      0.83        59
        投放虚假危险物质罪       1.00      0.17      0.29         6
              抢劫罪       0.83      0.68      0.75        59
              抢夺罪       0.81      0.97      0.88        59
            拐骗儿童罪       0.81      0.91      0.86        57
        拒不支付劳动报酬罪       0.89      0.98      0.94        59
            招摇撞骗罪       0.78      0.71      0.74        59
         持有伪造的发票罪       0.93      0.93      0.93        59
            挪用公款罪       0.79      0.64      0.71        59
          挪用特定款物罪       0.64      0.67      0.65        21
            挪用资金罪       0.63      0.71      0.67        59
        提供虚假证明文件罪       0.50      0.33      0.40         9
        擅自设立金融机构罪       0.50      0.50      0.50         2
              放火罪       0.74      0.85      0.79        59
    放纵制售伪劣商品犯罪行为罪       0.00      0.00      0.00         2
            放纵走私罪       0.00      0.00      0.00         3
            故意伤害罪       0.89      0.81      0.85        59
          故意损毁文物罪       0.75      0.50      0.60         6
            故意杀人罪       0.80      0.81      0.81        59
          故意毁坏财物罪       0.82      0.61      0.70        59
        故意泄露国家秘密罪       1.00      0.11      0.20         9
      教育设施重大安全事故罪       0.00      0.00      0.00         4
            敲诈勒索罪       0.85      0.80      0.82        59
            暴力取证罪       0.00      0.00      0.00         1
          有价证券诈骗罪       1.00      0.67      0.80         3
            污染环境罪       0.95      0.97      0.96        59
              洗钱罪       1.00      0.14      0.25         7
          消防责任事故罪       1.00      0.50      0.67         6
            滥伐林木罪       0.88      0.97      0.92        59
            滥用职权罪       0.67      0.71      0.69        59
          煽动分裂国家罪       1.00      1.00      1.00         2
      煽动暴力抗拒法律实施罪       0.00      0.00      0.00         1
        煽动颠覆国家政权罪       0.00      0.00      0.00         1
              爆炸罪       0.73      0.93      0.82        59
            猥亵儿童罪       0.87      0.93      0.90        59
            玩忽职守罪       0.77      0.80      0.78        59
          环境监管失职罪       0.83      0.71      0.77         7
            盗伐林木罪       0.84      0.90      0.87        59
              盗窃罪       0.92      0.98      0.95        59
          破坏交通工具罪       0.67      0.55      0.60        11
          破坏交通设施罪       0.74      0.91      0.82        34
            破坏军婚罪       1.00      0.25      0.40         4
        破坏易燃易爆设备罪       0.95      0.98      0.97        59
          破坏生产经营罪       0.73      0.75      0.74        59
          破坏电力设备罪       0.84      0.86      0.85        59
          破坏监管秩序罪       0.78      0.85      0.81        59
       破坏计算机信息系统罪       0.80      0.92      0.86        49
            破坏选举罪       0.00      0.00      0.00         2
            票据诈骗罪       0.79      0.95      0.86        59
          私分国有资产罪       0.77      0.85      0.81        59
          私放在押人员罪       0.00      0.00      0.00         3
     组织他人偷越国（边）境罪       0.78      0.83      0.80        59
        组织出卖人体器官罪       1.00      0.33      0.50         3
            组织卖淫罪       0.81      0.59      0.69        59
组织未成年人进行违反治安管理活动罪       0.33      0.20      0.25         5
          组织淫秽表演罪       0.92      1.00      0.96        33
          组织考试作弊罪       1.00      0.61      0.76        18
            组织越狱罪       0.00      0.00      0.00         1
              绑架罪       0.88      0.90      0.89        59
            职务侵占罪       0.91      0.83      0.87        59
        聚众冲击国家机关罪       0.80      0.84      0.82        56
            聚众哄抢罪       0.83      0.83      0.83        18
     聚众扰乱军事管理区秩序罪       0.00      0.00      0.00         1
        聚众扰乱社会秩序罪       0.77      0.86      0.82        59
            聚众斗殴罪       0.91      0.83      0.87        59
            聚众淫乱罪       0.50      0.50      0.50         4
              脱逃罪       0.70      0.86      0.77        59
              虐待罪       0.83      0.77      0.80        13
          虐待被监管人罪       0.43      0.30      0.35        10
            虚假广告罪       1.00      1.00      1.00         3
            虚假诉讼罪       1.00      0.22      0.36         9
            虚开发票罪       0.88      0.88      0.88        59
          虚报注册资本罪       0.83      0.85      0.84        59
              行贿罪       0.62      0.42      0.51        59
              诈骗罪       0.89      0.69      0.78        59
            诬告陷害罪       0.81      0.88      0.85        59
              诽谤罪       0.77      0.85      0.81        20
              贪污罪       0.64      0.54      0.59        59
            贷款诈骗罪       0.87      0.93      0.90        59
              赌博罪       0.89      0.98      0.94        59
          走私制毒物品罪       0.00      0.00      0.00         3
            走私废物罪       0.87      0.96      0.92        28
          走私淫秽物品罪       0.00      0.00      0.00         2
          走私贵重金属罪       1.00      1.00      1.00         4
   过失以危险方法危害公共安全罪       0.62      0.75      0.68        59
            过失决水罪       0.00      0.00      0.00         1
        过失投放危险物质罪       0.25      0.12      0.17        16
        过失损坏交通设施罪       0.00      0.00      0.00         1
      过失损坏易燃易爆设备罪       0.00      0.00      0.00         2
        过失损坏电力设备罪       1.00      0.17      0.29         6
          过失损毁文物罪       0.00      0.00      0.00         3
            过失爆炸罪       0.00      0.00      0.00         4
          过失致人死亡罪       0.83      0.66      0.74        59
          过失致人重伤罪       0.75      0.97      0.84        59
     运送他人偷越国（边）境罪       0.89      0.95      0.92        59
     违法发放林木采伐许可证罪       0.75      1.00      0.86         6
          违法发放贷款罪       0.83      0.97      0.89        59
        违规出具金融票证罪       1.00      0.33      0.50         3
              逃税罪       0.82      0.95      0.88        59
          逃避追缴欠税罪       0.00      0.00      0.00         3
              遗弃罪       0.86      0.96      0.91        56
        重大劳动安全事故罪       0.61      0.88      0.72        59
          重大责任事故罪       0.72      0.66      0.69        59
              重婚罪       0.87      0.98      0.92        59
          金融凭证诈骗罪       0.56      0.45      0.50        11
         销售侵权复制品罪       1.00      0.17      0.29         6
     销售假冒注册商标的商品罪       0.88      0.88      0.88        59
          阻碍军事行动罪       0.00      0.00      0.00         1
        阻碍军人执行职务罪       0.00      0.00      0.00         2
            集资诈骗罪       0.81      0.80      0.80        59
       非国家工作人员受贿罪       0.69      0.80      0.74        59
        非法买卖制毒物品罪       0.85      0.90      0.88        59
   非法低价出让国有土地使用权罪       0.00      0.00      0.00         2
     非法侵入计算机信息系统罪       1.00      0.50      0.67         4
          非法入侵住宅罪       0.62      0.53      0.57        59
          非法出售发票罪       0.96      0.93      0.95        59
     非法出售增值税专用发票罪       1.00      0.83      0.91         6
        非法利用信息网络罪       0.00      0.00      0.00         2
         非法占用农用地罪       0.93      0.90      0.91        59
        非法吸收公众存款罪       0.85      0.90      0.88        59
     非法处置进口的固体废物罪       1.00      0.50      0.67         2
            非法拘禁罪       0.84      0.61      0.71        59
          非法持有毒品罪       0.76      0.97      0.85        59
         非法捕捞水产品罪       0.95      0.97      0.96        59
            非法搜查罪       0.00      0.00      0.00         2
            非法狩猎罪       0.96      0.92      0.94        59
       非法种植毒品原植物罪       0.95      1.00      0.98        59
          非法组织卖血罪       1.00      0.32      0.49        53
        非法经营同类营业罪       0.00      0.00      0.00         2
            非法经营罪       0.85      0.66      0.74        59
        非法获取国家秘密罪       0.81      0.94      0.87        51
            非法行医罪       0.92      0.92      0.92        59
        非法进行节育手术罪       0.97      1.00      0.98        59
            非法采矿罪       0.89      0.98      0.94        59
          颠覆国家政权罪       0.00      0.00      0.00         1
          食品监管渎职罪       1.00      0.67      0.80        15
          骗取出口退税罪       0.92      1.00      0.96        12
          骗取出境证件罪       0.50      0.25      0.33         8
            骗购外汇罪       0.00      0.00      0.00         1
            高利转贷罪       0.79      0.69      0.73        16

         accuracy                           0.80      7310
        macro avg       0.68      0.62      0.63      7310
     weighted avg       0.80      0.80      0.80      7310



score: 0.8043775649794802
getPreResult() End running time: 2022-04-20 00:37:48.175068
Running time: 0:38:42.519854 Seconds

Process finished with exit code 0





































