为亲友非法牟利罪       0.00      0.00      0.00         2
侵犯通信自由罪       0.00      0.00      0.00         1
假冒专利罪       0.00      0.00      0.00         1
出售出入境证件罪       0.00      0.00      0.00         5
刑讯逼供罪       0.00      0.00      0.00         4
变造货币罪       0.00      0.00      0.00         2
妨害清算罪       0.00      0.00      0.00         1
帮助信息网络犯罪活动罪       0.00      0.00      0.00         2
引诱幼女卖淫罪       0.00      0.00      0.00         2
引诱未成年人聚众淫乱罪       0.00      0.00      0.00         1
放纵制售伪劣商品犯罪行为罪       0.00      0.00      0.00         2
暴力取证罪       0.00      0.00      0.00         1
煽动暴力抗拒法律实施罪       0.00      0.00      0.00         1
煽动颠覆国家政权罪       0.00      0.00      0.00         1
组织出卖人体器官罪       0.00      0.00      0.00         3
过失损坏交通设施罪       0.00      0.00      0.00         1
过失损坏易燃易爆设备罪       0.00      0.00      0.00         2
过失损毁文物罪       0.00      0.00      0.00         3
阻碍军事行动罪       0.00      0.00      0.00         1
阻碍军人执行职务罪       0.00      0.00      0.00         2
非法低价出让国有土地使用权罪       0.00      0.00      0.00         2
非法经营同类营业罪       0.00      0.00      0.00         2
颠覆国家政权罪       0.00      0.00      0.00         1
骗购外汇罪       0.00      0.00      0.00         1